50
447
231
213
493
364
421
454
264
478
284
302
4
371
78
340
73
313
167
195
197
145
457
42
397
438
399
439
198
326
234
219
5
89
311
100
61
498
390
114
37
446
6
235
30
8
295
308
43
206
493
146
90
427
115
10
172
102
254
64
407
328
32
479
55
241
353
165
244
85
460
209
288
3
236
63
242
290
160
400
21
383
490
467
97
254
318
141
476
6
3
394
487
411
143
471
384
354
465
33
160
316
233
9
388
40
37
380
112
42
6
309
181
466
95
11
247
12
230
98
296
175
156
344
9
206
363
421
449
259
118
151
166
38
100
276
307
369
185
362
388
424
420
418
255
359
82
40
21
314
347
465
261
185
363
318
148
27
317
229
222
312
350
152
138
419
409
61
496
167
369
312
452
104
371
121
97
94
88
382
298
86
415
214
238
241
441
386
74
192
398
333
186
93
388
44
323
400
410
368
264
304
8
382
156
444
369
284
431
218
36
299
474
470
161
52
494
385
418
472
427
130
141
278
302
264
184
92
190
153
167
343
209
491
40
36
18
451
3
231
64
301
56
381
149
410
261
303
254
487
339
354
62
258
390
342
372
363
293
295
283
362
133
66
450
141
160
401
110
290
94
130
379
73
463
314
238
5
431
3
484
409
52
479
85
418
160
122
468
113
485
124
10
226
358
449
357
52
455
153
412
463
276
190
132
165
184
87
11
67
8
133
432
42
17
193
436
209
437
119
290
497
63
148
463
42
323
454
332
8
105
258
252
90
383
342
82
42
98
220
420
461
202
29
417
380
171
216
226
372
300
205
140
265
51
287
281
239
308
29
312
342
172
283
410
147
68
427
169
323
26
35
171
225
76
92
15
141
60
401
192
362
38
46
363
95
320
277
374
306
374
283
177
162
155
320
398
300
18
6
267
458
177
88
93
381
393
183
235
134
283
117
337
297
321
443
264
360
27
449
139
51
243
143
270
159
60
97
294
368
480
485
290
280
430
410
449
465
105
23
358
5
49
405
339
447
186
23
68
436
369
438
138
286
396
352
57
491
372
388
430
196
461
177
196
475
460
296
346
46
302
467
195
174
219
374
97
470
166
273
236
58
388
387
286
201
412
454
253
51
73
138
90
106
278
437
207
89
197
339
